{
  "accessors": [
    {
      "bufferView": 1,
      "componentType": 5126,
      "count": 473,
      "max": [
        5.299762725830078,
        0.11246315389871597,
        -27.988759994506836
      ],
      "min": [
        -7.586894989013672,
        0.11246315389871597,
        -43.627376556396484
      ],
      "type": "VEC3"
    },
    {
      "bufferView": 1,
      "byteOffset": 5676,
      "componentType": 5126,
      "count": 473,
      "max": [
        1.2672343530084618e-07,
        -1.0,
        -0.0
      ],
      "min": [
        -9.140901369164567e-08,
        -1.0,
        -0.0
      ],
      "type": "VEC3"
    },
    {
      "bufferView": 0,
      "componentType": 5125,
      "count": 1038,
      "type": "SCALAR"
    },
    {
      "bufferView": 1,
      "byteOffset": 11352,
      "componentType": 5126,
      "count": 14835,
      "max": [
        -19.2762451171875,
        5.551753997802734,
        65.3377914428711
      ],
      "min": [
        -24.508743286132813,
        1.5294790267944336,
        52.277645111083984
      ],
      "type": "VEC3"
    },
    {
      "bufferView": 1,
      "byteOffset": 189372,
      "componentType": 5126,
      "count": 14835,
      "max": [
        0.9999945759773254,
        0.9999836683273315,
        1.0
      ],
      "min": [
        -0.9999946355819702,
        -0.9999032020568848,
        -1.0
      ],
      "type": "VEC3"
    },
    {
      "bufferView": 0,
      "byteOffset": 4152,
      "componentType": 5125,
      "count": 15918,
      "type": "SCALAR"
    },
    {
      "bufferView": 1,
      "byteOffset": 367392,
      "componentType": 5126,
      "count": 1014,
      "max": [
        13.755077362060547,
        0.2124631553888321,
        -63.98409652709961
      ],
      "min": [
        6.995307922363281,
        0.11246315389871597,
        -67.98409271240234
      ],
      "type": "VEC3"
    },
    {
      "bufferView": 1,
      "byteOffset": 379560,
      "componentType": 5126,
      "count": 1014,
      "max": [
        0.7105053067207336,
        -0.7024934887886047,
        0.7108443975448608
      ],
      "min": [
        -0.7068390250205994,
        -1.0,
        -0.7109200954437256
      ],
      "type": "VEC3"
    },
    {
      "bufferView": 0,
      "byteOffset": 67824,
      "componentType": 5125,
      "count": 1146,
      "type": "SCALAR"
    },
    {
      "bufferView": 1,
      "byteOffset": 391728,
      "componentType": 5126,
      "count": 753,
      "max": [
        21.476409912109375,
        -0.788318932056427,
        -63.6646728515625
      ],
      "min": [
        16.676233291625977,
        -0.8883188962936401,
        -68.46485137939453
      ],
      "type": "VEC3"
    },
    {
      "bufferView": 1,
      "byteOffset": 400764,
      "componentType": 5126,
      "count": 753,
      "max": [
        0.7115440964698792,
        -0.7016665935516357,
        0.712060809135437
      ],
      "min": [
        -0.7070254683494568,
        -1.0,
        -0.712060809135437
      ],
      "type": "VEC3"
    },
    {
      "bufferView": 0,
      "byteOffset": 72408,
      "componentType": 5125,
      "count": 984,
      "type": "SCALAR"
    },
    {
      "bufferView": 1,
      "byteOffset": 409800,
      "componentType": 5126,
      "count": 12560,
      "max": [
        3.892627716064453,
        5.0749430656433105,
        65.3377914428711
      ],
      "min": [
        -5.900653839111328,
        1.9304240942001343,
        56.96387481689453
      ],
      "type": "VEC3"
    },
    {
      "bufferView": 1,
      "byteOffset": 560520,
      "componentType": 5126,
      "count": 12560,
      "max": [
        0.9999970197677612,
        1.0,
        1.0
      ],
      "min": [
        -0.9999809265136719,
        -1.0,
        -1.0
      ],
      "type": "VEC3"
    },
    {
      "bufferView": 0,
      "byteOffset": 76344,
      "componentType": 5125,
      "count": 15417,
      "type": "SCALAR"
    },
    {
      "bufferView": 1,
      "byteOffset": 711240,
      "componentType": 5126,
      "count": 4732,
      "max": [
        32.49598693847656,
        4.612462997436523,
        -4.63218879699707
      ],
      "min": [
        31.395986557006836,
        2.6124632358551025,
        -20.63218879699707
      ],
      "type": "VEC3"
    },
    {
      "bufferView": 1,
      "byteOffset": 768024,
      "componentType": 5126,
      "count": 4732,
      "max": [
        0.9999616146087646,
        1.0,
        0.999754011631012
      ],
      "min": [
        -0.9999246597290039,
        -1.0,
        -0.999754011631012
      ],
      "type": "VEC3"
    },
    {
      "bufferView": 0,
      "byteOffset": 138012,
      "componentType": 5125,
      "count": 5205,
      "type": "SCALAR"
    },
    {
      "bufferView": 1,
      "byteOffset": 824808,
      "componentType": 5126,
      "count": 232,
      "max": [
        4.2832794189453125,
        7.112462997436523,
        -62.81158447265625
      ],
      "min": [
        -12.890052795410156,
        6.112462997436523,
        -69.00475311279297
      ],
      "type": "VEC3"
    },
    {
      "bufferView": 1,
      "byteOffset": 827592,
      "componentType": 5126,
      "count": 232,
      "max": [
        0.9958165287971497,
        1.0,
        0.9816706776618958
      ],
      "min": [
        -0.9958162903785706,
        0.0018094632541760802,
        -0.9846190214157104
      ],
      "type": "VEC3"
    },
    {
      "bufferView": 0,
      "byteOffset": 158832,
      "componentType": 5125,
      "count": 393,
      "type": "SCALAR"
    },
    {
      "bufferView": 1,
      "byteOffset": 830376,
      "componentType": 5126,
      "count": 186,
      "max": [
        3.3959884643554688,
        6.612462997436523,
        60.76234436035156
      ],
      "min": [
        -5.404014587402344,
        6.112462997436523,
        51.96234130859375
      ],
      "type": "VEC3"
    },
    {
      "bufferView": 1,
      "byteOffset": 832608,
      "componentType": 5126,
      "count": 186,
      "max": [
        0.9997513890266418,
        1.0,
        0.9907004237174988
      ],
      "min": [
        -0.7597997188568115,
        0.0,
        -0.8995675444602966
      ],
      "type": "VEC3"
    },
    {
      "bufferView": 0,
      "byteOffset": 160404,
      "componentType": 5125,
      "count": 249,
      "type": "SCALAR"
    },
    {
      "bufferView": 1,
      "byteOffset": 834840,
      "componentType": 5126,
      "count": 319,
      "max": [
        3.9959869384765625,
        7.112462997436523,
        61.362342834472656
      ],
      "min": [
        -6.0040130615234375,
        6.612462997436523,
        51.362342834472656
      ],
      "type": "VEC3"
    },
    {
      "bufferView": 1,
      "byteOffset": 838668,
      "componentType": 5126,
      "count": 319,
      "max": [
        0.6422752737998962,
        0.9375064969062805,
        0.6422712206840515
      ],
      "min": [
        -0.6473231911659241,
        0.7577013969421387,
        -0.6422736644744873
      ],
      "type": "VEC3"
    },
    {
      "bufferView": 0,
      "byteOffset": 161400,
      "componentType": 5125,
      "count": 1149,
      "type": "SCALAR"
    },
    {
      "bufferView": 1,
      "byteOffset": 842496,
      "componentType": 5126,
      "count": 65534,
      "max": [
        32.49598693847656,
        7.112462997436523,
        65.3377914428711
      ],
      "min": [
        -34.50401306152344,
        1.369363784790039,
        -71.6116943359375
      ],
      "type": "VEC3"
    },
    {
      "bufferView": 1,
      "byteOffset": 1628904,
      "componentType": 5126,
      "count": 65534,
      "max": [
        1.0,
        1.0,
        1.0
      ],
      "min": [
        -1.0,
        -1.0,
        -1.0
      ],
      "type": "VEC3"
    },
    {
      "bufferView": 0,
      "byteOffset": 165996,
      "componentType": 5125,
      "count": 76113,
      "type": "SCALAR"
    },
    {
      "bufferView": 1,
      "byteOffset": 2415312,
      "componentType": 5126,
      "count": 65532,
      "max": [
        32.49598693847656,
        7.112462997436523,
        64.53779602050781
      ],
      "min": [
        -34.50401306152344,
        0.11246315389871597,
        -72.6622085571289
      ],
      "type": "VEC3"
    },
    {
      "bufferView": 1,
      "byteOffset": 3201696,
      "componentType": 5126,
      "count": 65532,
      "max": [
        1.0,
        1.0,
        1.0
      ],
      "min": [
        -1.0,
        -1.0,
        -1.0
      ],
      "type": "VEC3"
    },
    {
      "bufferView": 0,
      "byteOffset": 470448,
      "componentType": 5125,
      "count": 87543,
      "type": "SCALAR"
    },
    {
      "bufferView": 1,
      "byteOffset": 3988080,
      "componentType": 5126,
      "count": 65533,
      "max": [
        32.49598693847656,
        7.012463092803955,
        65.03909301757813
      ],
      "min": [
        -34.50401306152344,
        0.11246315389871597,
        -69.10420227050781
      ],
      "type": "VEC3"
    },
    {
      "bufferView": 1,
      "byteOffset": 4774476,
      "componentType": 5126,
      "count": 65533,
      "max": [
        0.999971866607666,
        1.0,
        1.0
      ],
      "min": [
        -0.9998918175697327,
        -1.0,
        -1.0
      ],
      "type": "VEC3"
    },
    {
      "bufferView": 0,
      "byteOffset": 820620,
      "componentType": 5125,
      "count": 80229,
      "type": "SCALAR"
    },
    {
      "bufferView": 1,
      "byteOffset": 5560872,
      "componentType": 5126,
      "count": 53938,
      "max": [
        32.49598693847656,
        6.112462997436523,
        53.175445556640625
      ],
      "min": [
        -34.50401306152344,
        0.11168109625577927,
        -72.6622085571289
      ],
      "type": "VEC3"
    },
    {
      "bufferView": 1,
      "byteOffset": 6208128,
      "componentType": 5126,
      "count": 53938,
      "max": [
        0.9999284744262695,
        1.0,
        1.0
      ],
      "min": [
        -0.9999719262123108,
        -1.0,
        -1.0
      ],
      "type": "VEC3"
    },
    {
      "bufferView": 0,
      "byteOffset": 1141536,
      "componentType": 5125,
      "count": 68397,
      "type": "SCALAR"
    },
    {
      "bufferView": 1,
      "byteOffset": 6855384,
      "componentType": 5126,
      "count": 18859,
      "max": [
        31.445476531982422,
        7.112462997436523,
        64.28728485107422
      ],
      "min": [
        -33.45350646972656,
        6.112462997436523,
        -71.6116943359375
      ],
      "type": "VEC3"
    },
    {
      "bufferView": 1,
      "byteOffset": 7081692,
      "componentType": 5126,
      "count": 18859,
      "max": [
        0.9953851103782654,
        1.0,
        1.0
      ],
      "min": [
        -0.9959263801574707,
        -1.0,
        -1.0
      ],
      "type": "VEC3"
    },
    {
      "bufferView": 0,
      "byteOffset": 1415124,
      "componentType": 5125,
      "count": 25050,
      "type": "SCALAR"
    },
    {
      "bufferView": 1,
      "byteOffset": 7308000,
      "componentType": 5126,
      "count": 3702,
      "max": [
        32.49598693847656,
        6.112462997436523,
        64.53779602050781
      ],
      "min": [
        -34.50401306152344,
        0.11246315389871597,
        53.175445556640625
      ],
      "type": "VEC3"
    },
    {
      "bufferView": 1,
      "byteOffset": 7352424,
      "componentType": 5126,
      "count": 3702,
      "max": [
        0.9992116689682007,
        1.0,
        0.7608537673950195
      ],
      "min": [
        -0.9992116689682007,
        -1.0,
        -0.05527665838599205
      ],
      "type": "VEC3"
    },
    {
      "bufferView": 0,
      "byteOffset": 1515324,
      "componentType": 5125,
      "count": 4218,
      "type": "SCALAR"
    },
    {
      "bufferView": 1,
      "byteOffset": 7396848,
      "componentType": 5126,
      "count": 3700,
      "max": [
        32.49598693847656,
        6.112462997436523,
        -60.49985885620117
      ],
      "min": [
        -34.50401306152344,
        0.11246315389871597,
        -71.8622055053711
      ],
      "type": "VEC3"
    },
    {
      "bufferView": 1,
      "byteOffset": 7441248,
      "componentType": 5126,
      "count": 3700,
      "max": [
        0.9992116689682007,
        0.6776977777481079,
        0.0400516614317894
      ],
      "min": [
        -0.9992116689682007,
        -1.0,
        -0.7608122229576111
      ],
      "type": "VEC3"
    },
    {
      "bufferView": 0,
      "byteOffset": 1532196,
      "componentType": 5125,
      "count": 4200,
      "type": "SCALAR"
    },
    {
      "bufferView": 1,
      "byteOffset": 7485648,
      "componentType": 5126,
      "count": 2001,
      "max": [
        -33.0361213684082,
        4.582494258880615,
        -50.13817596435547
      ],
      "min": [
        -34.89573287963867,
        3.5824942588806152,
        -55.13817596435547
      ],
      "type": "VEC3"
    },
    {
      "bufferView": 1,
      "byteOffset": 7509660,
      "componentType": 5126,
      "count": 2001,
      "max": [
        1.0,
        1.0,
        0.9990199208259583
      ],
      "min": [
        -1.0,
        -1.0,
        -0.9990199208259583
      ],
      "type": "VEC3"
    },
    {
      "bufferView": 0,
      "byteOffset": 1548996,
      "componentType": 5125,
      "count": 3222,
      "type": "SCALAR"
    },
    {
      "bufferView": 1,
      "byteOffset": 7533672,
      "componentType": 5126,
      "count": 2664,
      "max": [
        32.49598693847656,
        4.612462997436523,
        -33.53569412231445
      ],
      "min": [
        31.395986557006836,
        2.6124632358551025,
        -43.53569412231445
      ],
      "type": "VEC3"
    },
    {
      "bufferView": 1,
      "byteOffset": 7565640,
      "componentType": 5126,
      "count": 2664,
      "max": [
        0.9999811053276062,
        1.0,
        0.9978429079055786
      ],
      "min": [
        -0.9997013807296753,
        -1.0,
        -0.9984289407730103
      ],
      "type": "VEC3"
    },
    {
      "bufferView": 0,
      "byteOffset": 1561884,
      "componentType": 5125,
      "count": 2964,
      "type": "SCALAR"
    },
    {
      "bufferView": 1,
      "byteOffset": 7597608,
      "componentType": 5126,
      "count": 498,
      "max": [
        28.495986938476563,
        7.112462997436523,
        48.45009994506836
      ],
      "min": [
        -30.504013061523438,
        6.707833290100098,
        -55.99003601074219
      ],
      "type": "VEC3"
    },
    {
      "bufferView": 1,
      "byteOffset": 7603584,
      "componentType": 5126,
      "count": 498,
      "max": [
        1.0,
        1.0,
        1.0
      ],
      "min": [
        -1.0,
        -1.0,
        -1.0
      ],
      "type": "VEC3"
    },
    {
      "bufferView": 0,
      "byteOffset": 1573740,
      "componentType": 5125,
      "count": 1392,
      "type": "SCALAR"
    },
    {
      "bufferView": 1,
      "byteOffset": 7609560,
      "componentType": 5126,
      "count": 4004,
      "max": [
        6.356315612792969,
        4.333630561828613,
        65.32659149169922
      ],
      "min": [
        4.355598449707031,
        2.3324100971221924,
        64.1012191772461
      ],
      "type": "VEC3"
    },
    {
      "bufferView": 1,
      "byteOffset": 7657608,
      "componentType": 5126,
      "count": 4004,
      "max": [
        1.0,
        1.0,
        1.0
      ],
      "min": [
        -1.0,
        -1.0,
        -1.0
      ],
      "type": "VEC3"
    },
    {
      "bufferView": 0,
      "byteOffset": 1579308,
      "componentType": 5125,
      "count": 4362,
      "type": "SCALAR"
    },
    {
      "bufferView": 1,
      "byteOffset": 7705656,
      "componentType": 5126,
      "count": 4139,
      "max": [
        -6.3590087890625,
        4.333630561828613,
        65.32659149169922
      ],
      "min": [
        -8.359725952148438,
        2.197176933288574,
        64.1012191772461
      ],
      "type": "VEC3"
    },
    {
      "bufferView": 1,
      "byteOffset": 7755324,
      "componentType": 5126,
      "count": 4139,
      "max": [
        1.0,
        1.0,
        1.0
      ],
      "min": [
        -1.0,
        -1.0,
        -1.0
      ],
      "type": "VEC3"
    },
    {
      "bufferView": 0,
      "byteOffset": 1596756,
      "componentType": 5125,
      "count": 4473,
      "type": "SCALAR"
    },
    {
      "bufferView": 1,
      "byteOffset": 7804992,
      "componentType": 5126,
      "count": 2652,
      "max": [
        -33.0361213684082,
        4.41510534286499,
        -20.898513793945313
      ],
      "min": [
        -34.89573287963867,
        2.415105104446411,
        -30.898513793945313
      ],
      "type": "VEC3"
    },
    {
      "bufferView": 1,
      "byteOffset": 7836816,
      "componentType": 5126,
      "count": 2652,
      "max": [
        1.0,
        1.0,
        0.9997580051422119
      ],
      "min": [
        -1.0,
        -1.0,
        -0.9997580051422119
      ],
      "type": "VEC3"
    },
    {
      "bufferView": 0,
      "byteOffset": 1614648,
      "componentType": 5125,
      "count": 3840,
      "type": "SCALAR"
    },
    {
      "bufferView": 1,
      "byteOffset": 7868640,
      "componentType": 5126,
      "count": 2049,
      "max": [
        -33.0361213684082,
        4.41510534286499,
        -33.23345184326172
      ],
      "min": [
        -34.89573287963867,
        2.415105104446411,
        -43.23345184326172
      ],
      "type": "VEC3"
    },
    {
      "bufferView": 1,
      "byteOffset": 7893228,
      "componentType": 5126,
      "count": 2049,
      "max": [
        1.0,
        1.0,
        0.9990137815475464
      ],
      "min": [
        -1.0,
        -1.0,
        -0.9997258186340332
      ],
      "type": "VEC3"
    },
    {
      "bufferView": 0,
      "byteOffset": 1630008,
      "componentType": 5125,
      "count": 3204,
      "type": "SCALAR"
    },
    {
      "bufferView": 1,
      "byteOffset": 7917816,
      "componentType": 5126,
      "count": 3308,
      "max": [
        22.57632064819336,
        1.1116811037063599,
        -62.564762115478516
      ],
      "min": [
        15.57632064819336,
        -0.8883188962936401,
        -69.56476593017578
      ],
      "type": "VEC3"
    },
    {
      "bufferView": 1,
      "byteOffset": 7957512,
      "componentType": 5126,
      "count": 3308,
      "max": [
        0.9999470114707947,
        1.0,
        0.9999464750289917
      ],
      "min": [
        -0.9999474287033081,
        -1.0,
        -0.9999276995658875
      ],
      "type": "VEC3"
    },
    {
      "bufferView": 0,
      "byteOffset": 1642824,
      "componentType": 5125,
      "count": 3774,
      "type": "SCALAR"
    }
  ],
  "asset": {
    "extras": {
      "author": "Dylan.TYL (https://sketchfab.com/dylan.tyl)",
      "license": "CC-BY-4.0 (http://creativecommons.org/licenses/by/4.0/)",
      "source": "https://sketchfab.com/3d-models/iphone-6-gold-9f0523f668e24e42ab440a2679d3c5d5",
      "title": "iPhone 6 Gold"
    },
    "generator": "Sketchfab-13.74.0",
    "version": "2.0"
  },
  "bufferViews": [
    {
      "buffer": 0,
      "byteLength": 1657920,
      "name": "floatBufferViews",
      "target": 34963
    },
    {
      "buffer": 0,
      "byteLength": 7997208,
      "byteOffset": 1657920,
      "byteStride": 12,
      "name": "floatBufferViews",
      "target": 34962
    }
  ],
  "buffers": [
    {
      "byteLength": 9655128,
      "uri": "scene.bin"
    }
  ],
  "materials": [
    {
      "doubleSided": true,
      "name": "Apple_Logo",
      "pbrMetallicRoughness": {
        "baseColorFactor": [
          0.8,
          0.65011,
          0.363277,
          1.0
        ],
        "roughnessFactor": 0.0
      }
    },
    {
      "doubleSided": true,
      "name": "Silver",
      "pbrMetallicRoughness": {
        "baseColorFactor": [
          0.565023,
          0.565023,
          0.565023,
          1.0
        ],
        "roughnessFactor": 0.178571
      }
    },
    {
      "doubleSided": true,
      "name": "Camera",
      "pbrMetallicRoughness": {
        "baseColorFactor": [
          0.0,
          0.0,
          0.0,
          1.0
        ],
        "metallicFactor": 0.0,
        "roughnessFactor": 0.5
      }
    },
    {
      "doubleSided": true,
      "name": "Main_Metal_Body",
      "pbrMetallicRoughness": {
        "baseColorFactor": [
          1.0,
          0.695135,
          0.324783,
          1.0
        ],
        "metallicFactor": 0.690476,
        "roughnessFactor": 0.559524
      }
    },
    {
      "doubleSided": true,
      "name": "White_lines",
      "pbrMetallicRoughness": {
        "metallicFactor": 0.571429,
        "roughnessFactor": 0.321429
      }
    },
    {
      "doubleSided": true,
      "name": "Metal_Highlights",
      "pbrMetallicRoughness": {
        "baseColorFactor": [
          0.44325,
          0.302719,
          0.0696274,
          1.0
        ],
        "roughnessFactor": 0.197619
      }
    },
    {
      "doubleSided": true,
      "name": "White_Body",
      "pbrMetallicRoughness": {
        "baseColorFactor": [
          0.8,
          0.8,
          0.8,
          1.0
        ],
        "metallicFactor": 0.190476,
        "roughnessFactor": 0.178571
      }
    },
    {
      "doubleSided": true,
      "name": "SCREEN",
      "pbrMetallicRoughness": {
        "baseColorFactor": [
          0.0,
          0.0,
          0.0,
          1.0
        ],
        "roughnessFactor": 0.0357143
      }
    }
  ],
  "meshes": [
    {
      "name": "Object_0",
      "primitives": [
        {
          "attributes": {
            "NORMAL": 1,
            "POSITION": 0
          },
          "indices": 2,
          "material": 0,
          "mode": 4
        }
      ]
    },
    {
      "name": "Object_1",
      "primitives": [
        {
          "attributes": {
            "NORMAL": 4,
            "POSITION": 3
          },
          "indices": 5,
          "material": 1,
          "mode": 4
        }
      ]
    },
    {
      "name": "Object_2",
      "primitives": [
        {
          "attributes": {
            "NORMAL": 7,
            "POSITION": 6
          },
          "indices": 8,
          "material": 1,
          "mode": 4
        }
      ]
    },
    {
      "name": "Object_3",
      "primitives": [
        {
          "attributes": {
            "NORMAL": 10,
            "POSITION": 9
          },
          "indices": 11,
          "material": 2,
          "mode": 4
        }
      ]
    },
    {
      "name": "Object_4",
      "primitives": [
        {
          "attributes": {
            "NORMAL": 13,
            "POSITION": 12
          },
          "indices": 14,
          "material": 1,
          "mode": 4
        }
      ]
    },
    {
      "name": "Object_5",
      "primitives": [
        {
          "attributes": {
            "NORMAL": 16,
            "POSITION": 15
          },
          "indices": 17,
          "material": 3,
          "mode": 4
        }
      ]
    },
    {
      "name": "Object_6",
      "primitives": [
        {
          "attributes": {
            "NORMAL": 19,
            "POSITION": 18
          },
          "indices": 20,
          "material": 2,
          "mode": 4
        }
      ]
    },
    {
      "name": "Object_7",
      "primitives": [
        {
          "attributes": {
            "NORMAL": 22,
            "POSITION": 21
          },
          "indices": 23,
          "material": 4,
          "mode": 4
        }
      ]
    },
    {
      "name": "Object_8",
      "primitives": [
        {
          "attributes": {
            "NORMAL": 25,
            "POSITION": 24
          },
          "indices": 26,
          "material": 5,
          "mode": 4
        }
      ]
    },
    {
      "name": "Object_9",
      "primitives": [
        {
          "attributes": {
            "NORMAL": 28,
            "POSITION": 27
          },
          "indices": 29,
          "material": 3,
          "mode": 4
        }
      ]
    },
    {
      "name": "Object_10",
      "primitives": [
        {
          "attributes": {
            "NORMAL": 31,
            "POSITION": 30
          },
          "indices": 32,
          "material": 3,
          "mode": 4
        }
      ]
    },
    {
      "name": "Object_11",
      "primitives": [
        {
          "attributes": {
            "NORMAL": 34,
            "POSITION": 33
          },
          "indices": 35,
          "material": 3,
          "mode": 4
        }
      ]
    },
    {
      "name": "Object_12",
      "primitives": [
        {
          "attributes": {
            "NORMAL": 37,
            "POSITION": 36
          },
          "indices": 38,
          "material": 3,
          "mode": 4
        }
      ]
    },
    {
      "name": "Object_13",
      "primitives": [
        {
          "attributes": {
            "NORMAL": 40,
            "POSITION": 39
          },
          "indices": 41,
          "material": 6,
          "mode": 4
        }
      ]
    },
    {
      "name": "Object_14",
      "primitives": [
        {
          "attributes": {
            "NORMAL": 43,
            "POSITION": 42
          },
          "indices": 44,
          "material": 4,
          "mode": 4
        }
      ]
    },
    {
      "name": "Object_15",
      "primitives": [
        {
          "attributes": {
            "NORMAL": 46,
            "POSITION": 45
          },
          "indices": 47,
          "material": 4,
          "mode": 4
        }
      ]
    },
    {
      "name": "Object_16",
      "primitives": [
        {
          "attributes": {
            "NORMAL": 49,
            "POSITION": 48
          },
          "indices": 50,
          "material": 3,
          "mode": 4
        }
      ]
    },
    {
      "name": "Object_17",
      "primitives": [
        {
          "attributes": {
            "NORMAL": 52,
            "POSITION": 51
          },
          "indices": 53,
          "material": 3,
          "mode": 4
        }
      ]
    },
    {
      "name": "Object_18",
      "primitives": [
        {
          "attributes": {
            "NORMAL": 55,
            "POSITION": 54
          },
          "indices": 56,
          "material": 7,
          "mode": 4
        }
      ]
    },
    {
      "name": "Object_19",
      "primitives": [
        {
          "attributes": {
            "NORMAL": 58,
            "POSITION": 57
          },
          "indices": 59,
          "material": 1,
          "mode": 4
        }
      ]
    },
    {
      "name": "Object_20",
      "primitives": [
        {
          "attributes": {
            "NORMAL": 61,
            "POSITION": 60
          },
          "indices": 62,
          "material": 1,
          "mode": 4
        }
      ]
    },
    {
      "name": "Object_21",
      "primitives": [
        {
          "attributes": {
            "NORMAL": 64,
            "POSITION": 63
          },
          "indices": 65,
          "material": 3,
          "mode": 4
        }
      ]
    },
    {
      "name": "Object_22",
      "primitives": [
        {
          "attributes": {
            "NORMAL": 67,
            "POSITION": 66
          },
          "indices": 68,
          "material": 3,
          "mode": 4
        }
      ]
    },
    {
      "name": "Object_23",
      "primitives": [
        {
          "attributes": {
            "NORMAL": 70,
            "POSITION": 69
          },
          "indices": 71,
          "material": 5,
          "mode": 4
        }
      ]
    }
  ],
  "nodes": [
    {
      "children": [
        1
      ],
      "matrix": [
        1.0,
        0.0,
        0.0,
        0.0,
        0.0,
        2.220446049250313e-16,
        -1.0,
        0.0,
        0.0,
        1.0,
        2.220446049250313e-16,
        0.0,
        0.0,
        0.0,
        0.0,
        1.0
      ],
      "name": "Sketchfab_model"
    },
    {
      "children": [
        2
      ],
      "name": "root"
    },
    {
      "children": [
        3,
        5,
        7,
        9,
        11,
        13,
        15,
        17,
        19,
        21,
        27,
        29,
        31,
        33,
        35,
        37,
        39,
        41,
        43,
        45
      ],
      "matrix": [
        1.0,
        0.0,
        0.0,
        0.0,
        0.0,
        2.220446049250313e-16,
        1.0,
        0.0,
        0.0,
        -1.0,
        2.220446049250313e-16,
        0.0,
        0.0,
        0.0,
        0.0,
        1.0
      ],
      "name": "GLTF_SceneRootNode"
    },
    {
      "children": [
        4
      ],
      "matrix": [
        1.0,
        0.0,
        0.0,
        0.0,
        0.0,
        0.06618944804944638,
        0.9978070740212808,
        0.0,
        -0.0,
        -0.9978070740212808,
        0.06618944804944638,
        0.0,
        0.0,
        94.28006744384766,
        -0.3319905698299408,
        1.0
      ],
      "name": "Apple_0"
    },
    {
      "mesh": 0,
      "name": "Object_4"
    },
    {
      "children": [
        6
      ],
      "matrix": [
        1.0,
        0.0,
        0.0,
        0.0,
        0.0,
        0.06618944804944638,
        0.9978070740212808,
        0.0,
        -0.0,
        -0.9978070740212808,
        0.06618944804944638,
        0.0,
        0.0,
        94.28006744384766,
        -0.3319905698299408,
        1.0
      ],
      "name": "Audio Jack_1"
    },
    {
      "mesh": 1,
      "name": "Object_6"
    },
    {
      "children": [
        8
      ],
      "matrix": [
        1.0,
        0.0,
        0.0,
        0.0,
        0.0,
        0.06618944804944638,
        0.9978070740212808,
        0.0,
        -0.0,
        -0.9978070740212808,
        0.06618944804944638,
        0.0,
        0.0,
        94.28006744384766,
        -0.3319905698299408,
        1.0
      ],
      "name": "Camera Flash_2"
    },
    {
      "mesh": 2,
      "name": "Object_8"
    },
    {
      "children": [
        10
      ],
      "matrix": [
        1.0,
        0.0,
        0.0,
        0.0,
        0.0,
        0.06618944804944638,
        0.9978070740212808,
        0.0,
        -0.0,
        -0.9978070740212808,
        0.06618944804944638,
        0.0,
        0.0,
        94.28006744384766,
        -0.3319905698299408,
        1.0
      ],
      "name": "Camera Lens_3"
    },
    {
      "mesh": 3,
      "name": "Object_10"
    },
    {
      "children": [
        12
      ],
      "matrix": [
        1.0,
        0.0,
        0.0,
        0.0,
        0.0,
        0.06618944804944638,
        0.9978070740212808,
        0.0,
        -0.0,
        -0.9978070740212808,
        0.06618944804944638,
        0.0,
        0.0,
        94.28006744384766,
        -0.3319905698299408,
        1.0
      ],
      "name": "Charger port_4"
    },
    {
      "mesh": 4,
      "name": "Object_12"
    },
    {
      "children": [
        14
      ],
      "matrix": [
        1.0,
        0.0,
        0.0,
        0.0,
        0.0,
        0.06618944804944638,
        0.9978070740212808,
        0.0,
        -0.0,
        -0.9978070740212808,
        0.06618944804944638,
        0.0,
        0.0,
        94.28006744384766,
        -0.3319905698299408,
        1.0
      ],
      "name": "Chip_5"
    },
    {
      "mesh": 5,
      "name": "Object_14"
    },
    {
      "children": [
        16
      ],
      "matrix": [
        1.0,
        0.0,
        0.0,
        0.0,
        0.0,
        0.06618944804944638,
        0.9978070740212808,
        0.0,
        -0.0,
        -0.9978070740212808,
        0.06618944804944638,
        0.0,
        0.0,
        94.28006744384766,
        -0.3319905698299408,
        1.0
      ],
      "name": "Front Cam_6"
    },
    {
      "mesh": 6,
      "name": "Object_16"
    },
    {
      "children": [
        18
      ],
      "matrix": [
        1.0,
        0.0,
        0.0,
        0.0,
        0.0,
        0.06618944804944638,
        0.9978070740212808,
        0.0,
        -0.0,
        -0.9978070740212808,
        0.06618944804944638,
        0.0,
        0.0,
        94.28006744384766,
        -0.3319905698299408,
        1.0
      ],
      "name": "Home Button_7"
    },
    {
      "mesh": 7,
      "name": "Object_18"
    },
    {
      "children": [
        20
      ],
      "matrix": [
        1.0,
        0.0,
        0.0,
        0.0,
        0.0,
        0.06618944804944638,
        0.9978070740212808,
        0.0,
        -0.0,
        -0.9978070740212808,
        0.06618944804944638,
        0.0,
        0.0,
        94.28006744384766,
        -0.3319905698299408,
        1.0
      ],
      "name": "Home Ring_8"
    },
    {
      "mesh": 8,
      "name": "Object_20"
    },
    {
      "children": [
        22,
        23,
        24,
        25,
        26
      ],
      "matrix": [
        1.0,
        0.0,
        0.0,
        0.0,
        0.0,
        0.06618944804944638,
        0.9978070740212808,
        0.0,
        -0.0,
        -0.9978070740212808,
        0.06618944804944638,
        0.0,
        0.0,
        94.28006744384766,
        -0.3319905698299408,
        1.0
      ],
      "name": "iPhone_9"
    },
    {
      "mesh": 9,
      "name": "Object_22"
    },
    {
      "mesh": 10,
      "name": "Object_23"
    },
    {
      "mesh": 11,
      "name": "Object_24"
    },
    {
      "mesh": 12,
      "name": "Object_25"
    },
    {
      "mesh": 13,
      "name": "Object_26"
    },
    {
      "children": [
        28
      ],
      "matrix": [
        1.0,
        0.0,
        0.0,
        0.0,
        0.0,
        0.06618944804944638,
        0.9978070740212808,
        0.0,
        -0.0,
        -0.9978070740212808,
        0.06618944804944638,
        0.0,
        0.0,
        94.28006744384766,
        -0.3319905698299408,
        1.0
      ],
      "name": "Line Bottom_10"
    },
    {
      "mesh": 14,
      "name": "Object_28"
    },
    {
      "children": [
        30
      ],
      "matrix": [
        1.0,
        0.0,
        0.0,
        0.0,
        0.0,
        0.06618944804944638,
        0.9978070740212808,
        0.0,
        -0.0,
        -0.9978070740212808,
        0.06618944804944638,
        0.0,
        0.0,
        94.28006744384766,
        -0.3319905698299408,
        1.0
      ],
      "name": "Line top_11"
    },
    {
      "mesh": 15,
      "name": "Object_30"
    },
    {
      "children": [
        32
      ],
      "matrix": [
        1.0,
        0.0,
        0.0,
        0.0,
        0.0,
        0.06618944804944638,
        0.9978070740212808,
        0.0,
        -0.0,
        -0.9978070740212808,
        0.06618944804944638,
        0.0,
        0.0,
        94.28006744384766,
        -0.3319905698299408,
        1.0
      ],
      "name": "Mute Button_12"
    },
    {
      "mesh": 16,
      "name": "Object_32"
    },
    {
      "children": [
        34
      ],
      "matrix": [
        1.0,
        0.0,
        0.0,
        0.0,
        0.0,
        0.06618944804944638,
        0.9978070740212808,
        0.0,
        -0.0,
        -0.9978070740212808,
        0.06618944804944638,
        0.0,
        0.0,
        94.28006744384766,
        -0.3319905698299408,
        1.0
      ],
      "name": "On Button_13"
    },
    {
      "mesh": 17,
      "name": "Object_34"
    },
    {
      "children": [
        36
      ],
      "matrix": [
        1.0,
        0.0,
        0.0,
        0.0,
        0.0,
        0.06618944804944638,
        0.9978070740212808,
        0.0,
        -0.0,
        -0.9978070740212808,
        0.06618944804944638,
        0.0,
        0.0,
        94.28948211669922,
        -0.19000835716724396,
        1.0
      ],
      "name": "Screen_14"
    },
    {
      "mesh": 18,
      "name": "Object_36"
    },
    {
      "children": [
        38
      ],
      "matrix": [
        1.0,
        0.0,
        0.0,
        0.0,
        0.0,
        0.06618944804944638,
        0.9978070740212808,
        0.0,
        -0.0,
        -0.9978070740212808,
        0.06618944804944638,
        0.0,
        0.0,
        94.28006744384766,
        -0.3319905698299408,
        1.0
      ],
      "name": "Screw1_15"
    },
    {
      "mesh": 19,
      "name": "Object_38"
    },
    {
      "children": [
        40
      ],
      "matrix": [
        1.0,
        0.0,
        0.0,
        0.0,
        0.0,
        0.06618944804944638,
        0.9978070740212808,
        0.0,
        -0.0,
        -0.9978070740212808,
        0.06618944804944638,
        0.0,
        0.0,
        94.28006744384766,
        -0.3319905698299408,
        1.0
      ],
      "name": "Screw2_16"
    },
    {
      "mesh": 20,
      "name": "Object_40"
    },
    {
      "children": [
        42
      ],
      "matrix": [
        1.0,
        0.0,
        0.0,
        0.0,
        0.0,
        0.06618944804944638,
        0.9978070740212808,
        0.0,
        -0.0,
        -0.9978070740212808,
        0.06618944804944638,
        0.0,
        0.0,
        94.28006744384766,
        -0.3319905698299408,
        1.0
      ],
      "name": "Sound Down_17"
    },
    {
      "mesh": 21,
      "name": "Object_42"
    },
    {
      "children": [
        44
      ],
      "matrix": [
        1.0,
        0.0,
        0.0,
        0.0,
        0.0,
        0.06618944804944638,
        0.9978070740212808,
        0.0,
        -0.0,
        -0.9978070740212808,
        0.06618944804944638,
        0.0,
        0.0,
        94.28006744384766,
        -0.3319905698299408,
        1.0
      ],
      "name": "Sound Up_18"
    },
    {
      "mesh": 22,
      "name": "Object_44"
    },
    {
      "children": [
        46
      ],
      "matrix": [
        1.0,
        0.0,
        0.0,
        0.0,
        0.0,
        0.06618944804944638,
        0.9978070740212808,
        0.0,
        -0.0,
        -0.9978070740212808,
        0.06618944804944638,
        0.0,
        0.0,
        94.28006744384766,
        -0.3319905698299408,
        1.0
      ],
      "name": "Camera_19"
    },
    {
      "mesh": 23,
      "name": "Object_46"
    }
  ],
  "scene": 0,
  "scenes": [
    {
      "name": "Sketchfab_Scene",
      "nodes": [
        0
      ]
    }
  ]
}
